    Orl Ale Cor Dir Duc Fon Ica Zod Pav Coc Esc Hot
VD    1   2  14  38  18  10   9   5   9   4   0   1
NR   20   9   1  11  10   9   1   1  20   9   7  12  
SE    9  23   1  15   7  11   6   2   7  12   3  17
CR    1   3  15  15   6   5  12  18   4  25   2   2
RA    4  33   7   8   3   6   6   4   5  15   5   3
MI    3   9   1   7   7   5  12   9   6   9   6  13
DI   11   9   1  17   4  21   6   1   5   4   5  27
VC    4   4  32   2   6   0   9   7   3  10  12   7
HO    9  12  23   4   7  13   5   5  10   5  13   9
FE    9   3   9   8   4   2   6   8   1   6  23  33
PN    7   5   2   7  11   2   6  11   9  24  10   5

